1.707729530000000162e+00
1.696651328750000243e+00
1.685520000000000129e+00
1.674338221249999981e+00
1.663108669999999734e+00
1.651834023749999991e+00
1.640516959999999802e+00
1.629160156249999991e+00
1.617766290000000051e+00
1.606338038749999253e+00
1.594878079999999754e+00
1.583389091249999936e+00
1.571873750000000181e+00
1.560334733749999980e+00
1.548774719999999716e+00
1.537196386249999769e+00
1.525602409999999409e+00
1.513995468749999906e+00
1.502378239999999643e+00
1.490753401249999888e+00
1.479123630000000134e+00
1.467491603749999429e+00
1.455859999999999710e+00
1.444231496250000246e+00
1.432608769999999421e+00
1.420994498749999835e+00
1.409391359999999871e+00
1.397802031249999910e+00
1.386229189999999889e+00
1.374675513750000189e+00
1.363143679999999858e+00
1.351636366249999721e+00
1.340156250000000160e+00
1.328706008749999778e+00
1.317288319999999846e+00
1.305905861250000299e+00
1.294561309999999743e+00
1.283257343749999890e+00
1.271996639999999790e+00
1.260781876249999822e+00
1.249615730000000369e+00
1.238500878749999146e+00
1.227439999999999642e+00
1.216435771249999132e+00
1.205490869999999326e+00
1.194607973749999275e+00
1.183789759999999358e+00
1.173038906249999513e+00
1.162358089999999233e+00
1.151749988749999343e+00
1.141217279999999334e+00
1.130762641249999589e+00
1.120388749999999600e+00
1.110098283749999748e+00
1.099893919999999525e+00
1.089778336249999313e+00
1.079754209999999492e+00
1.069824218749999556e+00
1.059991039999999884e+00
1.050257351249999527e+00
1.040625829999999752e+00
1.031099153750000053e+00
1.021679999999999922e+00
1.012371046249999740e+00
1.003174969999999444e+00
9.940944487499994153e-01
9.851321599999995904e-01
9.762907812499990179e-01
9.675729899999989669e-01
9.589814637500002625e-01
9.505188799999997329e-01
9.421879162499999794e-01
9.339912499999996065e-01
9.259315587499989952e-01
9.180115199999998588e-01
9.102338112499994693e-01
9.026011099999995402e-01
8.951160937500000081e-01
8.877814399999985895e-01
8.805998262499996621e-01
8.735739299999996099e-01
8.667064287499997022e-01
8.599999999999999867e-01
8.533774506250000336e-01
8.467596050000000263e-01
8.401461668749999889e-01
8.335368399999999456e-01
8.269313281249999203e-01
8.203293349999999373e-01
8.137305643750000206e-01
8.071347199999999722e-01
8.005415056250000383e-01
7.939506249999999099e-01
7.873617818749999442e-01
7.807746799999999432e-01
7.741890231249999310e-01
7.676045149999999317e-01
7.610208593749999695e-01
7.544377599999999573e-01
7.478549206250000303e-01
7.412720449999999905e-01
7.346888368749999731e-01
7.281050000000000022e-01
7.215202381249999908e-01
7.149342549999999630e-01
7.083467543749999429e-01
7.017574399999999546e-01
6.951660156249999112e-01
6.885721849999999478e-01
6.819756518749999774e-01
6.753761199999999132e-01
6.687732931250000012e-01
6.621668750000000436e-01
6.555565693749999534e-01
6.489420799999999767e-01
6.423231106249999156e-01
6.356993650000000162e-01
6.290705468749999696e-01
6.224363600000000218e-01
6.157965081249999750e-01
6.091506949999999643e-01
6.024986243749999026e-01
5.958399999999999253e-01
5.891745256249999452e-01
5.825019049999999865e-01
5.758218418749999623e-01
5.691340400000000077e-01
5.624382031249999248e-01
5.557340349999999596e-01
5.490212393749999142e-01
5.422995200000000349e-01
5.355685806249999015e-01
5.288281249999999822e-01
5.220778568749999682e-01
5.153174799999999944e-01
5.085466981249999741e-01
5.017652149999999311e-01
4.949727343749999453e-01
4.881689599999998741e-01
4.813535956249999082e-01
4.745263449999999605e-01
4.676869118749999998e-01
4.608349999999999946e-01
4.539703131249999690e-01
4.470925549999999471e-01
4.402014293749999529e-01
4.332966399999999552e-01
4.263778906249999223e-01
4.194448849999999340e-01
4.124973268749999589e-01
4.055349199999999654e-01
3.985573681249999223e-01
3.915643749999999090e-01
3.845556443750000053e-01
3.775308800000000131e-01
3.704897856250000121e-01
3.634320649999999708e-01
3.563574218749999689e-01
3.492655599999999749e-01
3.421561831249999575e-01
3.350289949999999406e-01
3.278836993749998374e-01
3.207199999999998941e-01
3.135376006249999126e-01
3.063362049999999170e-01
2.991155168749999316e-01
2.918752399999999803e-01
2.846150781249999762e-01
2.773347349999999434e-01
2.700339143750000170e-01
2.627123199999999992e-01
2.553696556250000249e-01
2.480056250000000073e-01
2.406199318749999705e-01
2.332122799999999385e-01
2.257823731249999355e-01
2.183299149999998745e-01
2.108546093749998906e-01
2.033561600000000080e-01
1.958342706249999177e-01
1.882886449999999767e-01
1.807189868749999873e-01
1.731249999999999734e-01
1.655063881249999591e-01
1.578628549999999686e-01
1.501941043750000260e-01
1.424998399999999332e-01
1.347797656249999365e-01
1.270335849999999489e-01
1.192610018749998835e-01
1.114617199999999864e-01
1.036354431249999486e-01
9.578187499999990528e-02
8.790071937499999155e-02
7.999167999999989842e-02
7.205446062499987203e-02
6.408876499999982546e-02
5.609429687499989381e-02
4.807075999999999016e-02
4.001785812500002759e-02
3.193529500000003019e-02
2.382277437500002204e-02
1.568000000000002725e-02
7.506675625000069907e-03
-6.974950000000479378e-04
-8.932808124999969124e-03
-1.719956000000000262e-02
-2.549804687500001332e-02
-3.382856499999997713e-02
-4.219141062499998096e-02
-5.058688000000000073e-02
-5.901526937500012338e-02
-6.747687500000010274e-02
-7.597199312500013679e-02
-8.450092000000009040e-02
-9.306395187500005051e-02
-1.016613849999999930e-01
-1.102935156250001159e-01
-1.189606399999999509e-01
-1.276630543750001401e-01
-1.364010550000001043e-01
-1.451749381250001525e-01
-1.539850000000001495e-01
-1.628315368749998493e-01
-1.717148450000000048e-01
-1.806352206250000370e-01
-1.895929599999998105e-01
-1.985883593749998566e-01
-2.076217149999998179e-01
-2.166933231250000036e-01
-2.258034800000000564e-01
-2.349524818750000632e-01
-2.441406249999998890e-01
-2.533682056250000647e-01
-2.626355200000000112e-01
-2.719428643750000374e-01
-2.812905350000000082e-01
-2.906788281250000106e-01
-3.001080399999999093e-01
-3.095784668750000135e-01
-3.190904050000001879e-01
-3.286441506250000755e-01
-3.382400000000002072e-01
-3.478782493750000038e-01
-3.575591950000002184e-01
-3.672831331250000497e-01
-3.770503600000000288e-01
-3.868611718750000206e-01
-3.967158650000001119e-01
-4.066147356249999456e-01
-4.165580800000000528e-01
-4.265461943749998541e-01
-4.365793749999998807e-01
-4.466579181249997754e-01
-4.567821200000000692e-01
-4.669522768749997388e-01
-4.771686849999999813e-01
-4.874316406249999956e-01
-4.977414399999998684e-01
-5.080983793750001309e-01
-5.185027549999999819e-01
-5.289548631249999522e-01
-5.394549999999999068e-01
-5.500034618749999327e-01
-5.606005449999998946e-01
-5.712465456250001017e-01
-5.819417600000001967e-01
-5.926864843750000444e-01
-6.034810150000001761e-01
-6.143256481250000123e-01
-6.252206800000000841e-01
-6.361664068750000345e-01
-6.471631249999999502e-01
-6.582111306250001403e-01
-6.693107199999998036e-01
-6.804621893749999151e-01
-6.916658349999998956e-01
-7.029219531249998321e-01
-7.142308399999998114e-01
-7.255927918749999206e-01
-7.370081050000000245e-01
-7.484770756249997659e-01
-7.600000000000000089e-01
-7.716291887499999724e-01
-7.834155099999999816e-01
-7.953570962500000618e-01
-8.074520800000000165e-01
-8.196985937499999819e-01
-8.320947699999999836e-01
-8.446387412500000469e-01
-8.573286399999999752e-01
-8.701625987500000159e-01
-8.831387499999999724e-01
-8.962552262499999811e-01
-9.095101599999999564e-01
-9.229016837500000348e-01
-9.364279300000000195e-01
-9.500870312500000470e-01
-9.638771200000000317e-01
-9.777963287499999989e-01
-9.918427899999999742e-01
-1.006014636249999983e+00
-1.020310000000000050e+00
-1.034727013749999980e+00
-1.049263810000000019e+00
-1.063918521249999971e+00
-1.078689280000000084e+00
-1.093574218749999938e+00
-1.108571470000000003e+00
-1.123679166250000083e+00
-1.138895439999999981e+00
-1.154218423749999944e+00
-1.169646249999999998e+00
-1.185177051249999947e+00
-1.200808960000000036e+00
-1.216540108750000071e+00
-1.232368630000000076e+00
-1.248292656250000077e+00
-1.264310319999999876e+00
-1.280419753749999945e+00
-1.296619090000000085e+00
-1.312906461250000101e+00
-1.329280000000000017e+00
-1.345737838750000082e+00
-1.362278110000000098e+00
-1.378898946250000090e+00
-1.395598479999999864e+00
-1.412374843750000108e+00
-1.429226169999999962e+00
-1.446150591250000117e+00
-1.463146239999999931e+00
-1.480211248749999875e+00
-1.497343749999999973e+00
-1.514541876250000030e+00
-1.531803760000000070e+00
-1.549127533750000119e+00
-1.566511329999999980e+00
-1.583953281250000122e+00
-1.601451519999999906e+00
-1.619004178750000023e+00
-1.636609389999999831e+00
-1.654265286250000022e+00
-1.671969999999999956e+00
-1.689721663749999880e+00
-1.707518410000000042e+00
-1.725358371250000022e+00
-1.743239680000000069e+00
-1.761160468749999986e+00
-1.779118870000000241e+00
-1.797113016250000195e+00
-1.815141040000000094e+00
-1.833201073749999965e+00
-1.851291250000000277e+00
-1.869409701249999944e+00
-1.887554560000000103e+00
-1.905723958749999891e+00
-1.923916029999999999e+00
-1.942128906250000009e+00
-1.960360719999999946e+00
-1.978609603750000057e+00
-1.996873690000000146e+00
-2.015151111249999794e+00
-2.033440000000000136e+00
-2.051738488749999867e+00
-2.070044710000000343e+00
-2.088356796250000258e+00
-2.106672879999999637e+00
-2.124991093750000282e+00
-2.143309569999999997e+00
-2.161626441250000141e+00
-2.179939839999999851e+00
-2.198247898750000040e+00
-2.216548750000000290e+00
-2.234840526250000181e+00
-2.253121359999999740e+00
-2.271389383749999880e+00
-2.289642730000000181e+00
-2.307879531250000227e+00
-2.326097920000000041e+00
-2.344296028749999650e+00
-2.362471989999999522e+00
-2.380623936250000128e+00
-2.398749999999999716e+00
-2.416848313750000088e+00
-2.434917010000000381e+00
-2.452954221249999733e+00
-2.470958079999999946e+00
-2.488926718750000155e+00
-2.506858270000000388e+00
-2.524750866249999781e+00
-2.542602640000000136e+00
-2.560411723749999702e+00
-2.578176250000000280e+00
-2.595894351250000121e+00
-2.613564160000000136e+00
-2.631183808750000352e+00
-2.648751429999999907e+00
-2.666265156250000601e+00
-2.683723119999999795e+00
-2.701123453750000181e+00
-2.718464290000000005e+00
-2.735743761250000183e+00
-2.752959999999999852e+00
-2.770111138749999924e+00
-2.787195309999999537e+00
-2.804210646249999606e+00
-2.821155279999999266e+00
-2.838027343750000320e+00
-2.854824970000000128e+00
-2.871546291249999605e+00
-2.888189440000000552e+00
-2.904752548750000329e+00
-2.921233749999999851e+00
-2.937631176250000031e+00
-2.953942960000000006e+00
-2.970167233749999802e+00
-2.986302130000000332e+00
-3.002345781249999845e+00
-3.018296320000000144e+00
-3.034151878750000364e+00
-3.049910589999999644e+00
-3.065570586249999785e+00
-3.081129999999999924e+00
-3.096586963749999200e+00
-3.111939609999999412e+00
-3.127186071249999699e+00
-3.142324480000000086e+00
-3.157352968749999711e+00
-3.172269669999999486e+00
-3.187072716249999438e+00
-3.201760239999999591e+00
-3.216330373749999083e+00
-3.230781249999999716e+00
-3.245111001249999738e+00
-3.259317760000000064e+00
-3.273399658749999830e+00
-3.287354829999999950e+00
-3.301181406249999561e+00
-3.314877519999999578e+00
-3.328441303750000024e+00
-3.341870890000000038e+00
-3.355164411249999645e+00
-3.368319999999999759e+00
-3.381335788749999516e+00
-3.394209909999999830e+00
-3.406940496249999839e+00
-3.419525679999999568e+00
-3.431963593749999930e+00
-3.444252370000000063e+00
-3.456390141249999104e+00
-3.468375039999999743e+00
-3.480205198749999340e+00
-3.491878749999999698e+00
-3.503393826249999954e+00
-3.514748559999999244e+00
-3.525941083749999372e+00
-3.536969529999999473e+00
-3.547832031250000462e+00
-3.558526719999998811e+00
-3.569051728749999874e+00
-3.579405190000000125e+00
-3.589585236249999589e+00
-3.599589999999999179e+00
-3.609417613749998921e+00
-3.619066209999999728e+00
-3.628533921249999850e+00
-3.637818879999999311e+00
-3.646919218749999914e+00
-3.655833069999999907e+00
-3.664558566250000204e+00
-3.673093839999999943e+00
-3.681437023750000037e+00
-3.689586249999999623e+00
-3.697539651250000503e+00
-3.705295360000000038e+00
-3.712851508750000029e+00
-3.720206229999999614e+00
-3.727357656249999707e+00
-3.734303919999999444e+00
-3.741043153749999739e+00
-3.747573489999999730e+00
-3.753893061249999441e+00
-3.760000000000000231e+00
-3.765942313750000103e+00
-3.771769510000000381e+00
-3.777481971250000292e+00
-3.783080080000000400e+00
-3.788564218750000379e+00
-3.793934770000000345e+00
-3.799192116250000417e+00
-3.804336640000000269e+00
-3.809368723750000463e+00
-3.814288750000000228e+00
-3.819097101250000126e+00
-3.823794160000000275e+00
-3.828380308750000349e+00
-3.832855930000000022e+00
-3.837221406250000300e+00
-3.841477120000000411e+00
-3.845623453750000031e+00
-3.849660790000000166e+00
-3.853589511250000044e+00
-3.857410000000000228e+00
-3.861122638750000391e+00
-3.864727810000000208e+00
-3.868225896250000240e+00
-3.871617280000000161e+00
-3.874902343750000089e+00
-3.878081470000000142e+00
-3.881155041250000437e+00
-3.884123440000000205e+00
-3.886987048750000451e+00
-3.889746250000000405e+00
-3.892401426250000185e+00
-3.894952960000000353e+00
-3.897401233750000138e+00
-3.899746630000000103e+00
-3.901989531250000365e+00
-3.904130320000000154e+00
-3.906169378750000476e+00
-3.908107090000000117e+00
-3.909943836250000082e+00
-3.911680000000000046e+00
-3.913315963750000126e+00
-3.914852109999999996e+00
-3.916288821250000218e+00
-3.917626480000000466e+00
-3.918865468750000414e+00
-3.920006170000000179e+00
-3.921048966250000323e+00
-3.921994240000000076e+00
-3.922842373750000444e+00
-3.923593750000000213e+00
-3.924248751250000389e+00
-3.924807760000000201e+00
-3.925271158750000211e+00
-3.925639330000000093e+00
-3.925912656250000410e+00
-3.926091520000000390e+00
-3.926176303750000152e+00
-3.926167390000000257e+00
-3.926065161250000379e+00
-3.925870000000000193e+00
-3.925582288750000259e+00
-3.925202410000000253e+00
-3.924730746250000291e+00
-3.924167680000000047e+00
-3.923513593750000084e+00
-3.922768870000000074e+00
-3.921933891250000137e+00
-3.921009040000000390e+00
-3.919994698750000062e+00
-3.918891250000000159e+00
-3.917699076250000356e+00
-3.916418560000000326e+00
-3.915050083750000187e+00
-3.913594030000000501e+00
-3.912050781250000053e+00
-3.910420720000000294e+00
-3.908704228750000453e+00
-3.906901690000000205e+00
-3.905013486250000110e+00
-3.903040000000000287e+00
-3.900981613750000410e+00
-3.898838710000000152e+00
-3.896611671250000075e+00
-3.894300880000000298e+00
-3.891906718750000049e+00
-3.889429570000000336e+00
-3.886869816249999943e+00
-3.884227840000000320e+00
-3.881504023750000254e+00
-3.878698750000000306e+00
-3.875812401250000150e+00
-3.872845360000000348e+00
-3.869798008750000129e+00
-3.866670730000000500e+00
-3.863463906250000246e+00
-3.860177920000000373e+00
-3.856813153750000112e+00
-3.853369990000000467e+00
-3.849848811250000225e+00
-3.846250000000000391e+00
-3.842573938750000195e+00
-3.838821010000000200e+00
-3.834991596250000079e+00
-3.831086080000000393e+00
-3.827104843750000374e+00
-3.823048270000000137e+00
-3.818916741250000246e+00
-3.814710640000000375e+00
-3.810430348750000196e+00
-3.806076250000000272e+00
-3.801648726250000276e+00
-3.797148160000000328e+00
-3.792574933750000099e+00
-3.787929430000000153e+00
-3.783212031250000162e+00
-3.778423120000000246e+00
-3.773563078750000521e+00
-3.768632290000000218e+00
-3.763631136250000342e+00
-3.758560000000000123e+00
-3.753419263750000123e+00
-3.748209310000000460e+00
-3.742930521250000364e+00
-3.737583280000000396e+00
-3.732167968750000231e+00
-3.726684970000000430e+00
-3.721134666250000222e+00
-3.715517440000000171e+00
-3.709833673750000393e+00
-3.704083750000000563e+00
-3.698268051250000354e+00
-3.692386960000000329e+00
-3.686440858750000160e+00
-3.680430130000000410e+00
-3.674355156250000309e+00
-3.668216319999999975e+00
-3.662014003750000413e+00
-3.655748590000000409e+00
-3.649420461250000081e+00
-3.643030000000000435e+00
-3.636577588750000700e+00
-3.630063610000000551e+00
-3.623488446250000550e+00
-3.616852480000000369e+00
-3.610156093750000572e+00
-3.603399670000000388e+00
-3.596583591250000822e+00
-3.589708240000000217e+00
-3.582773998750000466e+00
-3.575781250000000355e+00
-3.568730376250000447e+00
-3.561621760000000414e+00
-3.554455783750000375e+00
-3.547232830000000448e+00
-3.539953281250000305e+00
-3.532617520000000511e+00
-3.525225928750000293e+00
-3.517778890000000658e+00
-3.510276786250000391e+00
-3.502720000000000056e+00
-3.495108913750000212e+00
-3.487443910000000535e+00
-3.479725371250000254e+00
-3.471953680000000375e+00
-3.464129218750000128e+00
-3.456252370000000518e+00
-3.448323516250000331e+00
-3.440343040000000130e+00
-3.432311323750000476e+00
-3.424228750000000154e+00
-3.416095701250000616e+00
-3.407912560000000646e+00
-3.399679708750000362e+00
-3.391397529999999882e+00
-3.383066406250000657e+00
-3.374686720000000584e+00
-3.366258853750000668e+00
-3.357783190000000584e+00
-3.349260111250000449e+00
-3.340690000000000381e+00
-3.332073238750000499e+00
-3.323410210000000475e+00
-3.314701296250000429e+00
-3.305946880000000476e+00
-3.297147343750000736e+00
-3.288303070000000439e+00
-3.279414441250000589e+00
-3.270481840000000417e+00
-3.261505648750000042e+00
-3.252486250000000467e+00
-3.243424026250000480e+00
-3.234319360000000643e+00
-3.225172633750001072e+00
-3.215984230000000554e+00
-3.206754531250000539e+00
-3.197483920000000701e+00
-3.188172778750000269e+00
-3.178821490000000693e+00
-3.169430436250000760e+00
-3.160000000000000142e+00
-3.150459791250000308e+00
-3.140740330000000302e+00
-3.130843363749999941e+00
-3.120770639999999929e+00
-3.110523906250000081e+00
-3.100104910000000213e+00
-3.089515398750000141e+00
-3.078757120000000125e+00
-3.067831821249999980e+00
-3.056741249999999965e+00
-3.045487153750000342e+00
-3.034071280000000037e+00
-3.022495376250000199e+00
-3.010761190000000198e+00
-2.998870468750000295e+00
-2.986824960000000306e+00
-2.974626411250000046e+00
-2.962276570000000220e+00
-2.949777183750000198e+00
-2.937130000000000241e+00
-2.924336766250000164e+00
-2.911399230000000227e+00
-2.898319138750000246e+00
-2.885098240000000036e+00
-2.871738281250000302e+00
-2.858241009999999971e+00
-2.844608173750000191e+00
-2.830841519999999889e+00
-2.816942796250000214e+00
-2.802913750000000093e+00
-2.788756128750000229e+00
-2.774471679999999996e+00
-2.760062151250000095e+00
-2.745529290000000344e+00
-2.730874843750000114e+00
-2.716100560000000108e+00
-2.701208186250000143e+00
-2.686199470000000034e+00
-2.671076158750000040e+00
-2.655839999999999979e+00
-2.640492741250000108e+00
-2.625036130000000245e+00
-2.609471913750000205e+00
-2.593801840000000247e+00
-2.578027656250000188e+00
-2.562151110000000287e+00
-2.546173948749999916e+00
-2.530097920000000222e+00
-2.513924771250000134e+00
-2.497656250000000355e+00
-2.481294103750000257e+00
-2.464840080000000100e+00
-2.448295926250000143e+00
-2.431663389999999758e+00
-2.414944218750000093e+00
-2.398140160000000076e+00
-2.381252961249999966e+00
-2.364284370000000024e+00
-2.347236133750000064e+00
-2.330110000000000348e+00
-2.312907716250000245e+00
-2.295631030000000017e+00
-2.278281688749999923e+00
-2.260861440000000222e+00
-2.243372031249999843e+00
-2.225815210000000377e+00
-2.208192723749999864e+00
-2.190506319999999896e+00
-2.172757746250000288e+00
-2.154948749999999968e+00
-2.137081078750000085e+00
-2.119156480000000009e+00
-2.101176701250000001e+00
-2.083143490000000320e+00
-2.065058593749999893e+00
-2.046923760000000314e+00
-2.028740736250000065e+00
-2.010511270000000295e+00
-1.992237108750000152e+00
-1.973920000000000119e+00
-1.955561691250000234e+00
-1.937163930000000089e+00
-1.918728463749999946e+00
-1.900257040000000064e+00
-1.881751406250000258e+00
-1.863213310000000122e+00
-1.844644498750000139e+00
-1.826046720000000345e+00
-1.807421721250000113e+00
-1.788771250000000146e+00
-1.770097053750000038e+00
-1.751400880000000049e+00
-1.732684476249999994e+00
-1.713949589999999912e+00
-1.695197968750000062e+00
-1.676431360000000037e+00
-1.657651511250000098e+00
-1.638860170000000060e+00
-1.620059083750000184e+00
-1.601250000000000062e+00
-1.582434666250000177e+00
-1.563614830000000122e+00
-1.544792238749999935e+00
-1.525968640000000098e+00
-1.507145781250000205e+00
-1.488325410000000071e+00
-1.469509273749999956e+00
-1.450699119999999898e+00
-1.431896696250000156e+00
-1.413103750000000103e+00
-1.394322028749999776e+00
-1.375553279999999656e+00
-1.356799251250000005e+00
-1.338061689999999970e+00
-1.319342343750000035e+00
-1.300642960000000237e+00
-1.281965286250000169e+00
-1.263311070000000313e+00
-1.244682058750000264e+00
-1.226080000000000059e+00
-1.207506641250000179e+00
-1.188963730000000218e+00
-1.170453013750000437e+00
-1.151976239999999763e+00
-1.133535156250000231e+00
-1.115131510000000326e+00
-1.096767048750000306e+00
-1.078443520000000433e+00
-1.060162671250000077e+00
-1.041926249999999943e+00
-1.023736003750000290e+00
-1.005593680000000489e+00
-9.875010262500003577e-01
-9.694597900000001545e-01
-9.514717187500001394e-01
-9.335385600000001283e-01
-9.156620612499999368e-01
-8.978439699999998247e-01
-8.800860337500000519e-01
-8.623899999999999899e-01
-8.447576162500003427e-01
-8.271906300000000378e-01
-8.096907887500002232e-01
-7.922598399999998264e-01
-7.748995312499999955e-01
-7.576116100000001019e-01
-7.403978237500004056e-01
-7.232599200000002782e-01
-7.061996462499999794e-01
-6.892187500000002132e-01
-6.723189787499999071e-01
-6.555020799999997649e-01
-6.387698012500000466e-01
-6.221238900000001237e-01
-6.055660937500002561e-01
-5.890981599999998153e-01
-5.727218362499999493e-01
-5.564388700000000298e-01
-5.402510087499998725e-01
-5.241599999999997372e-01
-5.081675912499998837e-01
-4.922755300000001277e-01
-4.764855637499998409e-01
-4.607994399999997270e-01
-4.452189062499996020e-01
-4.297457099999997254e-01
-4.143815987500003573e-01
-3.991283199999999809e-01
-3.839876212500001884e-01
-3.689612499999999073e-01
-3.540509537500007298e-01
-3.392584799999998069e-01
-3.245855762499996189e-01
-3.100339899999999815e-01
-2.956054687500007105e-01
-2.813017600000002894e-01
-2.671246112499998659e-01
-2.530757700000001442e-01
-2.391569837500000517e-01
-2.253700000000002923e-01
-2.117165662499997936e-01
-1.981984299999997035e-01
-1.848173387499998377e-01
-1.715750400000000120e-01
-1.584732812500000421e-01
-1.455138099999997436e-01
-1.326983737499993765e-01
-1.200287199999996446e-01
-1.075065962499999195e-01
-9.513374999999957282e-02
-8.291192875000019669e-02
-7.084287999999983043e-02
-5.892835125000051022e-02
-4.717008999999983132e-02
-3.556984374999982990e-02
-2.412935999999987757e-02
-1.285038625000023416e-02
-1.734669999999827184e-03
9.216041250000195362e-03
2.000000000000000042e-02
3.072996875000000294e-02
4.151875000000000704e-02
5.236465625000000235e-02
6.326600000000000279e-02
7.422109375000000842e-02
8.522825000000000539e-02
9.628578125000000765e-02
1.073920000000000152e-01
1.185452187500000004e-01
1.297437500000000188e-01
1.409859062500000149e-01
1.522700000000000164e-01
1.635943437499999820e-01
1.749572500000000086e-01
1.863570312499999992e-01
1.977920000000000234e-01
2.092604687500000393e-01
2.207607499999999778e-01
2.322911562499999916e-01
2.438500000000000112e-01
2.554355937500000229e-01
2.670462500000000405e-01
2.786802812500000504e-01
2.903360000000000385e-01
3.020117187500000466e-01
3.137057500000000054e-01
3.254164062500000676e-01
3.371420000000000528e-01
3.488808437500000581e-01
3.606312500000000143e-01
3.723915312500000185e-01
3.841600000000000570e-01
3.959349687500000603e-01
4.077147500000000702e-01
4.194976562500000727e-01
4.312819999999999987e-01
4.430660937500000562e-01
4.548482500000000650e-01
4.666267812500000667e-01
4.784000000000001029e-01
4.901662187500001044e-01
5.019237500000000018e-01
5.136709062500000034e-01
5.254060000000000397e-01
5.371273437500000414e-01
5.488332500000000502e-01
5.605220312500001079e-01
5.721920000000001449e-01
5.838414687499999811e-01
5.954687500000001021e-01
6.070721562500001056e-01
6.186500000000000332e-01
6.302005937500000377e-01
6.417222500000001606e-01
6.532132812500002217e-01
6.646720000000001516e-01
6.760967187500001030e-01
6.874857500000001176e-01
6.988374062500000150e-01
7.101500000000000590e-01
7.214218437500000691e-01
7.326512499999999761e-01
7.438365312500000437e-01
7.549760000000000915e-01
7.660679687500001611e-01
7.771107500000000723e-01
7.881026562500001997e-01
7.990420000000001410e-01
8.099270937500001599e-01
8.207562500000001871e-01
8.315277812500000421e-01
8.422399999999999887e-01
8.528912187500000686e-01
8.634797500000001014e-01
8.740039062500000178e-01
8.844620000000000815e-01
8.948523437500001121e-01
9.051732500000001513e-01
9.154230312500001299e-01
9.256000000000002004e-01
9.357024687500001825e-01
9.457287500000001179e-01
9.556771562500001593e-01
9.655460000000001264e-01
9.753335937500000608e-01
9.850382500000001151e-01
9.946582812500001092e-01
1.004192000000000196e+00
1.013637718750000083e+00
1.022993750000000146e+00
1.032258406250000204e+00
1.041430000000000078e+00
1.050506843750000030e+00
1.059487250000000103e+00
1.068369531250000115e+00
1.077152000000000331e+00
1.085832968750000127e+00
1.094410749999999988e+00
1.102883656250000177e+00
1.111250000000000071e+00
1.119508093750000155e+00
1.127656250000000249e+00
1.135692781250000172e+00
1.143616000000000188e+00
1.151424218750000117e+00
1.159115750000000222e+00
1.166688906250000102e+00
1.174142000000000241e+00
1.181473343750000238e+00
1.188681250000000356e+00
1.195764031250000414e+00
1.202720000000000233e+00
1.209547468750000299e+00
1.216244750000000208e+00
1.222810156250000224e+00
1.229242000000000168e+00
1.235538593750000080e+00
1.241698250000000003e+00
1.247719281250000201e+00
1.253600000000000048e+00
1.259338718750000030e+00
1.264933750000000190e+00
1.270383406250000125e+00
1.275685999999999876e+00
1.280839843750000373e+00
1.285843250000000104e+00
1.290694531249999999e+00
1.295392000000000099e+00
1.299933968750000224e+00
1.304318750000000193e+00
1.308544656250000049e+00
1.312610000000000054e+00
1.316513093750000252e+00
1.320252250000000238e+00
1.323825781250000055e+00
1.327232000000000189e+00
1.330469218750000238e+00
1.333535750000000242e+00
1.336429906250000244e+00
1.339150000000000063e+00
1.341694343749999963e+00
1.344061250000000207e+00
1.346249031250000172e+00
1.348256000000000121e+00
1.350080468750000318e+00
1.351720750000000137e+00
1.353175156249999844e+00
1.354442000000000146e+00
1.355519593750000196e+00
1.356406250000000036e+00
1.357100281250000151e+00
1.357600000000000140e+00
1.357903718750000266e+00
1.358009750000000349e+00
1.357916406249999985e+00
1.357622000000000329e+00
1.357124843750000309e+00
1.356423250000000191e+00
1.355515531250000461e+00
1.354400000000000270e+00
1.353074968750000107e+00
1.351538750000000011e+00
1.349789656250000025e+00
1.347826000000000191e+00
1.345646093750000105e+00
1.343248250000000033e+00
1.340630781250000014e+00
1.337792000000000314e+00
1.334730218750000308e+00
1.331443750000000037e+00
1.327930906250000209e+00
1.324190000000000200e+00
1.320219343750000274e+00
1.316017250000000027e+00
1.311582031249999947e+00
1.306912000000000074e+00
1.302005468750000228e+00
1.296860750000000007e+00
1.291476156249999896e+00
1.285850000000000160e+00
1.279980593749999951e+00
1.273866250000000200e+00
1.267505281250000282e+00
1.260896000000000239e+00
1.254036718749999890e+00
1.246925749999999944e+00
1.239561406249999775e+00
1.231941999999999870e+00
1.224065843750000271e+00
1.215931250000000130e+00
1.207536531250000156e+00
1.198880000000000834e+00
1.189959968750000208e+00
1.180774750000000317e+00
1.171322656249999428e+00
1.161602000000000023e+00
1.151611093749999704e+00
1.141348250000000508e+00
1.130811781249999814e+00
1.120000000000000107e+00
1.108736039375000093e+00
1.096848815000000199e+00
1.084345313125000043e+00
1.071232520000000132e+00
1.057517421875000085e+00
1.043207005000000187e+00
1.028308255625000056e+00
1.012828160000000199e+00
9.967737043750001247e-01
9.801518750000001168e-01
9.629696581250001275e-01
9.452340400000001086e-01
9.269520068750001229e-01
9.081305450000001223e-01
8.887766406250001694e-01
8.688972800000001051e-01
8.484994493750001032e-01
8.275901350000001155e-01
8.061763231250000938e-01
7.842650000000001009e-01
7.618631518750000886e-01
7.389777650000001197e-01
7.156158256250000349e-01
6.917843200000001191e-01
6.674902343750001021e-01
6.427405550000000467e-01
6.175422681250000156e-01
5.919023599999999607e-01
5.658278168750001669e-01
5.393256250000001417e-01
5.124027706250001701e-01
4.850662400000000929e-01
4.573230193750000838e-01
4.291800949999999837e-01
4.006444531249999663e-01
3.717230800000002056e-01
3.424229618750000981e-01
3.127510850000001508e-01
2.827144356250000934e-01
2.523200000000000998e-01
2.215747643749998996e-01
1.904857150000001109e-01
1.590598381250001303e-01
1.273041200000001316e-01
9.522554687500006665e-02
6.283110500000010923e-02
3.012778062499998910e-02
-2.877439999999786835e-03
-3.617757062499982190e-02
-6.976562500000005329e-02
-1.036346168749999741e-01
-1.377775599999999656e-01
-1.721874681250001871e-01
-2.068573550000001315e-01
-2.417802343750001803e-01
-2.769491200000002706e-01
-3.123570256249998955e-01
-3.479969649999996584e-01
-3.838619518749997184e-01
-4.199449999999997907e-01
-4.562391231249995904e-01
-4.927373349999997210e-01
-5.294326493749998974e-01
-5.663180799999998349e-01
-6.033866406250001369e-01
-6.406313450000000742e-01
-6.780452068750002503e-01
-7.156212399999999363e-01
-7.533524581250001795e-01
-7.912318750000002510e-01
-8.292525043749998659e-01
-8.674073599999998496e-01
-9.056894556249996953e-01
-9.440918049999997841e-01
-9.826074218749996092e-01
-1.021229319999999774e+00
-1.059950513124999993e+00
-1.098764014999999983e+00
-1.137662839374999901e+00
-1.176639999999999908e+00
-1.215688510625000163e+00
-1.254801385000000380e+00
-1.293971636875000275e+00
-1.333192279999999563e+00
-1.372456328124999736e+00
-1.411756795000000064e+00
-1.451086694374999375e+00
-1.490439040000000048e+00
-1.529806845625000022e+00
-1.569183124999999901e+00
-1.608560891875000287e+00
-1.647933160000000008e+00
-1.687292943125000111e+00
-1.726633254999999867e+00
-1.765947109375000323e+00
-1.805227519999999419e+00
-1.844467500624999978e+00
-1.883660064999999939e+00
-1.922798226874999905e+00
-1.961875000000000036e+00
-2.000883398124999601e+00
-2.039816434999999650e+00
-2.078667124374999897e+00
-2.117428480000000057e+00
-2.156093515624999846e+00
-2.194655244999999866e+00
-2.233106681874999833e+00
-2.271440840000000350e+00
-2.309650733125000244e+00
-2.347729375000000118e+00
-2.385669779375000132e+00
-2.423464960000000445e+00
-2.461107930625000328e+00
-2.498591704999999941e+00
-2.535909296875000773e+00
-2.573053719999999878e+00
-2.610017988124999633e+00
-2.646795114999998866e+00
-2.683378114374999512e+00
-2.719759999999999955e+00
-2.755933785625000354e+00
-2.791892484999999091e+00
-2.827629111874999435e+00
-2.863136679999999323e+00
-2.898408203125000249e+00
-2.933436695000000149e+00
-2.968215169374999185e+00
-3.002736639999999291e+00
-3.036994120624999738e+00
-3.070980624999999797e+00
-3.104689166875000517e+00
-3.138112759999999390e+00
-3.171244418125000131e+00
-3.204077155000000232e+00
-3.236603984374999854e+00
-3.268817920000000044e+00
-3.300711975625000072e+00
-3.332279165000000098e+00
-3.363512501875001171e+00
-3.394404999999999895e+00
-3.424949673124999983e+00
-3.455139534999999817e+00
-3.484967599374999558e+00
-3.514426879999999365e+00
-3.543510390624998507e+00
-3.572211144999999810e+00
-3.600522156874999880e+00
-3.628436439999998875e+00
-3.655947008124998732e+00
-3.683046874999999609e+00
-3.709729054375000779e+00
-3.735986559999998846e+00
-3.761812405624999300e+00
-3.787199604999999636e+00
-3.812141171874999124e+00
-3.836630119999999700e+00
-3.860659463124999746e+00
-3.884222214999999423e+00
-3.907311389374998889e+00
-3.929920000000000080e+00
-3.952041060625000490e+00
-3.973667585000000280e+00
-3.994792586874999607e+00
-4.015409080000000408e+00
-4.035510078125000177e+00
-4.055088595000000851e+00
-4.074137644374998146e+00
-4.092650239999999329e+00
-4.110619395624999228e+00
-4.128038124999998892e+00
-4.144899441874999368e+00
-4.161196359999999927e+00
-4.176921893124999841e+00
-4.192069054999998379e+00
-4.206630859374998366e+00
-4.220600319999999961e+00
-4.233970450625000659e+00
-4.246734264999997954e+00
-4.258884776874999112e+00
-4.270414999999998962e+00
-4.281317948124999440e+00
-4.291586634999998928e+00
-4.301214074374997587e+00
-4.310193279999999127e+00
-4.318517265624998380e+00
-4.326179044999999057e+00
-4.333171631874999541e+00
-4.339488039999999103e+00
-4.345121283124997014e+00
-4.350064375000001426e+00
-4.354310329374999178e+00
-4.357852159999997532e+00
-4.360682880624998425e+00
-4.362795505000000240e+00
-4.364183046874998695e+00
-4.364838520000000166e+00
-4.364754938124998596e+00
-4.363925314999997696e+00
-4.362342664375002066e+00
-4.360000000000000320e+00
-4.356839431875000557e+00
-4.352813455000000609e+00
-4.347930660624999888e+00
-4.342199640000000471e+00
-4.335628984374999995e+00
-4.328227285000000535e+00
-4.320003133125000616e+00
-4.310965120000000539e+00
-4.301121836875000604e+00
-4.290481875000000223e+00
-4.279053825625000584e+00
-4.266846280000000213e+00
-4.253867829375000298e+00
-4.240127065000000250e+00
-4.225632578125000371e+00
-4.210392960000000073e+00
-4.194416801875000544e+00
-4.177712695000000309e+00
-4.160289230625000556e+00
-4.142155000000000697e+00
-4.123318594375000146e+00
-4.103788605000000089e+00
-4.083573623124999941e+00
-4.062682240000000000e+00
-4.041123046875000568e+00
-4.018904635000000169e+00
-3.996035595625000436e+00
-3.972524520000000336e+00
-3.948379999375000615e+00
-3.923610625000000240e+00
-3.898224988125000401e+00
-3.872231680000000509e+00
-3.845639291875000421e+00
-3.818456415000000437e+00
-3.790691640625000414e+00
-3.762353560000000208e+00
-3.733450764375000119e+00
-3.703991845000000005e+00
-3.673985393125000165e+00
-3.643440000000000012e+00
-3.612364256875000290e+00
-3.580766755000000412e+00
-3.548656085625000234e+00
-3.516040840000000500e+00
-3.482929609375000179e+00
-3.449330985000000460e+00
-3.415253558125000310e+00
-3.380705920000000475e+00
-3.345696661875000366e+00
-3.310234375000000284e+00
-3.274327650625000530e+00
-3.237985080000000071e+00
-3.201215254375000541e+00
-3.164026765000000019e+00
-3.126428203125000138e+00
-3.088428160000000311e+00
-3.050035226874999950e+00
-3.011257995000000243e+00
-2.972105055625000603e+00
-2.932585000000000441e+00
-2.892706419375000060e+00
-2.852477905000000646e+00
-2.811908048125000281e+00
-2.771005440000000597e+00
-2.729778671875000562e+00
-2.688236335000000032e+00
-2.646387020625000197e+00
-2.604239320000000468e+00
-2.561801824375000258e+00
-2.519083125000000312e+00
-2.476091813125000485e+00
-2.432836480000000634e+00
-2.389325716875000616e+00
-2.345568115000000287e+00
-2.301572265625000391e+00
-2.257346760000000341e+00
-2.212900189375000437e+00
-2.168241145000000536e+00
-2.123378218125000050e+00
-2.078319999999999723e+00
-2.033075081875000301e+00
-1.987652055000000306e+00
-1.942059510625000041e+00
-1.896306040000001136e+00
-1.850400234374999897e+00
-1.804350685000000620e+00
-1.758165983125000054e+00
-1.711854720000000718e+00
-1.665425486875000249e+00
-1.618886875000000281e+00
-1.572247475625000668e+00
-1.525515879999999491e+00
-1.478700679374999716e+00
-1.431810465000000754e+00
-1.384853828125000241e+00
-1.337839360000000699e+00
-1.290775651875000651e+00
-1.243671295000000843e+00
-1.196534880625000241e+00
-1.149375000000000480e+00
-1.102200244375000082e+00
-1.055019205000001126e+00
-1.007840473125000802e+00
-9.606726399999998556e-01
-9.135242968749999193e-01
-8.664040350000008495e-01
-8.193204456250002821e-01
-7.722821199999998498e-01
-7.252976493749998532e-01
-6.783756250000005927e-01
-6.315246381250005925e-01
-5.847532799999997088e-01
-5.380701418750000187e-01
-4.914838149999996020e-01
-4.450028906249992033e-01
-3.986359600000013437e-01
-3.523916143750014385e-01
-3.062784450000002323e-01
-2.603050431250011343e-01
-2.144800000000008922e-01
-1.688119068750006946e-01
-1.233093549999999539e-01
-7.798093562500163500e-02
-3.283524000000070941e-02
1.211914062499985789e-02
5.687361499999887826e-02
1.014195918749987158e-01
1.457484799999999581e-01
1.898516881249987520e-01
2.337206249999992380e-01
2.773466993749993392e-01
3.207213199999996434e-01
3.638358956249989618e-01
4.066818349999996585e-01
4.492505468749996567e-01
4.915334399999986559e-01
5.335219231249990202e-01
5.752074049999986727e-01
6.165812943749999775e-01
6.576349999999990814e-01
6.983599306249992367e-01
7.387474949999983664e-01
7.787891018749997230e-01
8.184761600000003412e-01
8.578000781249999207e-01
8.967522649999990492e-01
9.353241293749992025e-01
9.735070800000000801e-01
1.011292525624999605e+00
1.048671874999997478e+00
1.085636536874998725e+00
1.122177919999998608e+00
1.158287433124999488e+00
1.193956484999998402e+00
1.229176484374999490e+00
1.263938839999998898e+00
1.298234960624998990e+00
1.332056254999999467e+00
1.365394131874998251e+00
1.398240000000000371e+00
1.430585268124999310e+00
1.462421344999999206e+00
1.493739639374999761e+00
1.524531559999998009e+00
1.554788515624998979e+00
1.584501915000000594e+00
1.613663166874999888e+00
1.642263679999997450e+00
1.670294863124997420e+00
1.697748124999999497e+00
1.724614874374998053e+00
1.750886519999998114e+00
1.776554470624998494e+00
1.801610134999999779e+00
1.826044921874998117e+00
1.849850239999998536e+00
1.873017498125000735e+00
1.895538104999998197e+00
1.917403469374999503e+00
1.938604999999999023e+00
1.959134105624999123e+00
1.978982194999996835e+00
1.998140676875000743e+00
2.016600960000000775e+00
2.034354453124996631e+00
2.051392564999999557e+00
2.067706704374997706e+00
2.083288279999996995e+00
2.098128700624999787e+00
2.112219374999997790e+00
2.125551711874997807e+00
2.138117119999998650e+00
2.149907008125000019e+00
2.160912784999998948e+00
2.171125859374996026e+00
2.180537639999997168e+00
2.189139535625000299e+00
2.196922954999998900e+00
2.203879306874999777e+00
2.209999999999999964e+00
2.215370971250000043e+00
2.220087770000000127e+00
2.224156223750000105e+00
2.227582159999999867e+00
2.230371406250000188e+00
2.232529790000000069e+00
2.234063138749999844e+00
2.234977279999999844e+00
2.235278041249999958e+00
2.234971250000000076e+00
2.234062733750000085e+00
2.232558319999999874e+00
2.230463836249999776e+00
2.227785110000000124e+00
2.224527968749999918e+00
2.220698239999999934e+00
2.216301751250000063e+00
2.211344330000000191e+00
2.205831803749999764e+00
2.199770000000000003e+00
2.193164746249999908e+00
2.186021869999999812e+00
2.178347198750000047e+00
2.170146560000000058e+00
2.161425781250000178e+00
2.152190689999999851e+00
2.142447113749999854e+00
2.132200880000000076e+00
2.121457816249999961e+00
2.110223749999999843e+00
2.098504508750000053e+00
2.086305920000000036e+00
2.073633811250000125e+00
2.060494010000000209e+00
2.046892343750000176e+00
2.032834639999999915e+00
2.018326726250000203e+00
2.003374430000000039e+00
1.987983578749999980e+00
1.972159999999999913e+00
1.955909521249999949e+00
1.939237970000000200e+00
1.922151173750000108e+00
1.904654960000000008e+00
1.886755156250000010e+00
1.868457590000000001e+00
1.849768088749999873e+00
1.830692480000000177e+00
1.811236591250000139e+00
1.791406250000000089e+00
1.771207283750000139e+00
1.750645519999999955e+00
1.729726786250000092e+00
1.708456909999999995e+00
1.686841718749999997e+00
1.664887039999999985e+00
1.642598701249999849e+00
1.619982530000000143e+00
1.597044353750000312e+00
1.573790000000000244e+00
1.550225296249999829e+00
1.526356070000000287e+00
1.502188148750000174e+00
1.477727360000000045e+00
1.452979531250000012e+00
1.427950489999999961e+00
1.402646063750000005e+00
1.377072080000000032e+00
1.351234366249999930e+00
1.325138749999999810e+00
1.298791058750000005e+00
1.272197120000000403e+00
1.245362761250000450e+00
1.218293810000000477e+00
1.190996093750000151e+00
1.163475440000000027e+00
1.135737676250000217e+00
1.107788630000000163e+00
1.079634128750000199e+00
1.051280000000000214e+00
1.022732071250000097e+00
9.939961699999999567e-01
9.650781237500001275e-01
9.359837600000000535e-01
9.067189062500000674e-01
8.772893900000002798e-01
8.477010387499999133e-01
8.179596800000001888e-01
7.880711412500003288e-01
7.580412499999999998e-01
7.278758337499997566e-01
6.975807199999999320e-01
6.671617362499997483e-01
6.366247100000004266e-01
6.059754687499996351e-01
5.752198400000003708e-01
5.443636512500007463e-01
5.134127300000002059e-01
4.823729037500001926e-01
4.512500000000001510e-01
4.200498462500006358e-01
3.887782700000004255e-01
3.574410987499998527e-01
3.260441599999999163e-01
2.945932812499996167e-01
2.630942900000001750e-01
2.315530137500001473e-01
1.999752800000003106e-01
1.683669162500001093e-01
1.367337499999998762e-01
1.050816087499995000e-01
7.341631999999975733e-02
4.174371125000053695e-02
1.006961000000039519e-02
-2.160015625000077932e-02
-5.325975999999954524e-02
-8.490337375000001074e-02
-1.165251699999991786e-01
-1.481193212499998246e-01
-1.796799999999989517e-01
-2.112013787499997797e-01
-2.426776299999993114e-01
-2.741029262499994346e-01
-3.054714399999989283e-01
-3.367773437499996803e-01
-3.680148099999995814e-01
-3.991780112499996314e-01
-4.302611199999999414e-01
-4.612583087499997347e-01
-4.921637499999995669e-01
-5.229716162499991050e-01
-5.536760799999997928e-01
-5.842713137500004095e-01
-6.147514899999997340e-01
-6.451107812499996541e-01
-6.753433599999993930e-01
-7.054433987499999503e-01
-7.354050699999996610e-01
-7.652225462499995245e-01
-7.948900000000000965e-01
-8.244016037499988236e-01
-8.537515299999998142e-01
-8.829339512499991827e-01
-9.119430399999988168e-01
-9.407729687499992721e-01
-9.694179099999979954e-01
-9.978720362499995389e-01
-1.026129519999998685e+00
-1.054184533749999542e+00
-1.082031249999998668e+00
-1.109663841249999283e+00
-1.137076479999998835e+00
-1.164263338749998322e+00
-1.191218589999998745e+00
-1.217936406249999326e+00
-1.244410959999999289e+00
-1.270636423749999633e+00
-1.296606969999999581e+00
-1.322316771249998801e+00
-1.347759999999999181e+00
-1.372930828749997723e+00
-1.397823429999998979e+00
-1.422431976249999508e+00
-1.446750639999999422e+00
-1.470773593749999719e+00
-1.494495009999998736e+00
-1.517909061249997471e+00
-1.541009919999999589e+00
-1.563791758749999872e+00
-1.586248749999999319e+00
-1.608375066249998042e+00
-1.630164879999998373e+00
-1.651612363749998647e+00
-1.672711690000000306e+00
-1.693457031249999023e+00
-1.713842559999999349e+00
-1.733862448749998730e+00
-1.753510869999999056e+00
-1.772781996249998659e+00
-1.791669999999998986e+00
-1.810169053750000145e+00
-1.828273330000000030e+00
-1.845977001249999638e+00
-1.863274239999999082e+00
-1.880159218749998473e+00
-1.896626110000000587e+00
-1.912669086249999317e+00
-1.928282319999998329e+00
-1.943459983749999509e+00
-1.958196250000000305e+00
-1.972485291249999051e+00
-1.986321279999998524e+00
-1.999698388749998834e+00
-2.012610789999996541e+00
-2.025052656249998861e+00
-2.037018159999999689e+00
-2.048501473749998247e+00
-2.059496769999999977e+00
-2.069998221249996995e+00
-2.080000000000000071e+00
-2.089680679375000238e+00
-2.099222935000000234e+00
-2.108627093124999963e+00
-2.117893480000000217e+00
-2.127022421875000013e+00
-2.136014245000000145e+00
-2.144869275625000071e+00
-2.153587840000000142e+00
-2.162170264375000261e+00
-2.170616874999999890e+00
-2.178927998125000265e+00
-2.187103959999999958e+00
-2.195145086875000207e+00
-2.203051705000000027e+00
-2.210824140625000211e+00
-2.218462720000000221e+00
-2.225967769374999961e+00
-2.233339615000000222e+00
-2.240578583125000023e+00
-2.247685000000000155e+00
-2.254659191875000079e+00
-2.261501485000000145e+00
-2.268212205625000255e+00
-2.274791679999999872e+00
-2.281240234375000231e+00
-2.287558194999999905e+00
-2.293745888125000132e+00
-2.299803639999999927e+00
-2.305731776875000083e+00
-2.311530625000000061e+00
-2.317200510625000209e+00
-2.322741759999999989e+00
-2.328154699375000192e+00
-2.333439655000000279e+00
-2.338596953125000155e+00
-2.343626920000000169e+00
-2.348529881875000225e+00
-2.353306165000000227e+00
-2.357956095625000081e+00
-2.362480000000000135e+00
-2.366878204374999850e+00
-2.371151035000000018e+00
-2.375298818125000100e+00
-2.379321880000000000e+00
-2.383220546875000068e+00
-2.386995145000000207e+00
-2.390646000624999878e+00
-2.394173439999999875e+00
-2.397577789375000101e+00
-2.400859375000000018e+00
-2.404018523124999973e+00
-2.407055559999999872e+00
-2.409970811875000063e+00
-2.412764605000000007e+00
-2.415437265625000052e+00
-2.417989120000000103e+00
-2.420420494375000064e+00
-2.422731715000000285e+00
-2.424923108125000226e+00
-2.426994999999999791e+00
-2.428947716875000218e+00
-2.430781585000000078e+00
-2.432496930624999720e+00
-2.434094079999999938e+00
-2.435573359375000191e+00
-2.436935094999999940e+00
-2.438179613124999978e+00
-2.439307240000000210e+00
-2.440318301875000095e+00
-2.441213124999999984e+00
-2.441992035624999779e+00
-2.442655359999999831e+00
-2.443203424375000044e+00
-2.443636555000000321e+00
-2.443955078125000124e+00
-2.444159319999999802e+00
-2.444249606875000147e+00
-2.444226265000000176e+00
-2.444089620624999792e+00
-2.443839999999999790e+00
-2.443477729375000074e+00
-2.443003134999999659e+00
-2.442416543124999784e+00
-2.441718279999999908e+00
-2.440908671874999936e+00
-2.439988044999999772e+00
-2.438956725624999766e+00
-2.437815040000000266e+00
-2.436563314375000289e+00
-2.435201874999999738e+00
-2.433731048124999852e+00
-2.432151160000000090e+00
-2.430462536874999913e+00
-2.428665504999999669e+00
-2.426760390624999708e+00
-2.424747519999999934e+00
-2.422627219374999807e+00
-2.420399815000000121e+00
-2.418065633124999891e+00
-2.415624999999999911e+00
-2.413078241875000085e+00
-2.410425684999999874e+00
-2.407667655625000069e+00
-2.404804480000000133e+00
-2.401836484374999969e+00
-2.398763994999999927e+00
-2.395587338124999910e+00
-2.392306839999999823e+00
-2.388922826875000016e+00
-2.385435624999999504e+00
-2.381845560624999969e+00
-2.378152959999999982e+00
-2.374358149374999893e+00
-2.370461455000000051e+00
-2.366463203124999914e+00
-2.362363719999999834e+00
-2.358163331874999713e+00
-2.353862364999999901e+00
-2.349461145624999858e+00
-2.344959999999999933e+00
-2.340359254375000031e+00
-2.335659234999999612e+00
-2.330860268124999912e+00
-2.325962679999999949e+00
-2.320966796875000071e+00
-2.315872944999999739e+00
-2.310681450625000188e+00
-2.305392639999999993e+00
-2.300006839374999501e+00
-2.294524374999999949e+00
-2.288945573124999910e+00
-2.283270759999999733e+00
-2.277500261874999765e+00
-2.271634404999999468e+00
-2.265673515625000078e+00
-2.259617919999999724e+00
-2.253467944375000087e+00
-2.247223915000000183e+00
-2.240886158124999916e+00
-2.234454999999999636e+00
-2.227930766874999691e+00
-2.221313784999999541e+00
-2.214604380624999980e+00
-2.207802880000000023e+00
-2.200909609374999576e+00
-2.193924894999999875e+00
-2.186849063124999937e+00
-2.179682440000000110e+00
-2.172425351874999855e+00
-2.165078124999999964e+00
-2.157641085624999455e+00
-2.150114559999999564e+00
-2.142498874374999751e+00
-2.134794354999999921e+00
-2.127001328124999979e+00
-2.119120119999999829e+00
-2.111151056874999377e+00
-2.103094464999999857e+00
-2.094950670624999844e+00
-2.086719999999999686e+00
-2.078402779374999731e+00
-2.069999334999999441e+00
-2.061509993124999163e+00
-2.052935079999999246e+00
-2.044274921874999151e+00
-2.035529844999999227e+00
-2.026700175624999822e+00
-2.017786239999999509e+00
-2.008788364374999524e+00
-1.999706874999999995e+00
-1.990542098124999937e+00
-1.981294359999999699e+00
-1.971963986874999408e+00
-1.962551304999999191e+00
-1.953056640624999618e+00
-1.943480319999999706e+00
-1.933822669374999803e+00
-1.924084015000000036e+00
-1.914264683124999866e+00
-1.904364999999999419e+00
-1.894385291874999488e+00
-1.884325884999999534e+00
-1.874187105624999683e+00
-1.863969279999999618e+00
-1.853672734374999465e+00
-1.843297794999999573e+00
-1.832844788124998958e+00
-1.822314039999999080e+00
-1.811705876874999621e+00
-1.801020624999999153e+00
-1.790258610624999358e+00
-1.779420159999999473e+00
-1.768505599374999626e+00
-1.757515254999999721e+00
-1.746449453124999662e+00
-1.735308519999999799e+00
-1.724092781875000036e+00
-1.712802564999999611e+00
-1.701438195624999539e+00
-1.689999999999999947e+00
-1.678401133124999944e+00
-1.666556064999999975e+00
-1.654467094374999947e+00
-1.642136519999999988e+00
-1.629566640625000007e+00
-1.616759754999999910e+00
-1.603718161874999826e+00
-1.590444159999999885e+00
-1.576940048124999993e+00
-1.563208125000000059e+00
-1.549250689374999990e+00
-1.535070039999999914e+00
-1.520668475624999960e+00
-1.506048294999999815e+00
-1.491211796875000051e+00
-1.476161279999999909e+00
-1.460899043124999963e+00
-1.445427384999999898e+00
-1.429748604374999843e+00
-1.413864999999999927e+00
-1.397778870624999836e+00
-1.381492514999999921e+00
-1.365008231874999867e+00
-1.348328320000000025e+00
-1.331455078124999858e+00
-1.314390804999999940e+00
-1.297137799374999956e+00
-1.279698359999999813e+00
-1.262074785624999862e+00
-1.244269375000000011e+00
-1.226284426874999944e+00
-1.208122240000000014e+00
-1.189785113124999905e+00
-1.171275344999999968e+00
-1.152595234374999889e+00
-1.133747080000000018e+00
-1.114733180625000042e+00
-1.095555834999999867e+00
-1.076217341874999844e+00
-1.056719999999999882e+00
-1.037066108124999886e+00
-1.017257964999999986e+00
-9.972978693749998680e-01
-9.771881199999998824e-01
-9.569310156249999366e-01
-9.365288549999998269e-01
-9.159839368749997934e-01
-8.952985599999999655e-01
-8.744750231250000283e-01
-8.535156250000000000e-01
-8.324226643749998988e-01
-8.111984399999998541e-01
-7.898452506249998839e-01
-7.683653949999997845e-01
-7.467611718749997962e-01
-7.250348799999997151e-01
-7.031888181249996705e-01
-6.812252850000000137e-01
-6.591465793749999857e-01
-6.369549999999999379e-01
-6.146528456249997774e-01
-5.922424149999998555e-01
-5.697260068749998574e-01
-5.471059199999999123e-01
-5.243844531249999275e-01
-5.015639049999998100e-01
-4.786465743749999113e-01
-4.556347599999999165e-01
-4.325307606249997328e-01
-4.093368749999997114e-01
-3.860554018749999816e-01
-3.626886400000000066e-01
-3.392388881249999155e-01
-3.157084449999998377e-01
-2.920996093749999023e-01
-2.684146799999997945e-01
-2.446559556249998657e-01
-2.208257349999998009e-01
-1.969263168749999515e-01
-1.729599999999997806e-01
-1.489290831249998615e-01
-1.248358649999996572e-01
-1.006826443749997413e-01
-7.647172000000002079e-02
-5.220539062499973681e-02
-2.788595499999990679e-02
-3.515711874999993825e-03
2.090304000000009488e-02
4.536800187500000803e-02
6.987687500000028251e-02
9.442736062500012295e-02
1.190171600000002883e-01
1.436439743750002052e-01
1.683055050000004105e-01
1.929994531250001089e-01
2.177235200000000592e-01
2.424754068750003544e-01
2.672528149999999769e-01
2.920534456250001298e-01
3.168750000000000178e-01
3.417151793749999555e-01
3.665716849999998139e-01
3.914422181249999078e-01
4.163244800000001078e-01
4.412161718749998407e-01
4.661149950000003095e-01
4.910186506250000527e-01
5.159248400000002732e-01
5.408312643750003978e-01
5.657356250000002973e-01
5.906356231249998423e-01
6.155289600000006800e-01
6.404133368750000166e-01
6.652864550000008315e-01
6.901460156250007749e-01
7.149897199999997177e-01
7.398152693750001951e-01
7.646203649999998575e-01
7.894027081249999078e-01
8.141599999999997728e-01
8.388899418749997672e-01
8.635902350000002059e-01
8.882585806250000715e-01
9.128926800000001229e-01
9.374902343749997868e-01
9.620489449999998222e-01
9.865665131250000996e-01
1.011040639999999602e+00
1.035469026875000420e+00
1.059849375000000204e+00
1.084179385625000158e+00
1.108456760000000152e+00
1.132679199375000056e+00
1.156844404999999743e+00
1.180950078125000413e+00
1.204993920000000163e+00
1.228973631875000194e+00
1.252886915000000378e+00
1.276731470625000586e+00
1.300505000000000688e+00
1.324205204375000111e+00
1.347829784999999614e+00
1.371376443124999955e+00
1.394842880000000118e+00
1.418226796874999973e+00
1.441525895000000279e+00
1.464737875625000019e+00
1.487860439999999951e+00
1.510891289374999946e+00
1.533828124999999876e+00
1.556668648124999610e+00
1.579410559999999908e+00
1.602051561874999752e+00
1.624589354999999902e+00
1.647021640624999339e+00
1.669346120000000155e+00
1.691560494375000001e+00
1.713662465000000079e+00
1.735649733124999816e+00
1.757520000000000415e+00
1.779270966874999971e+00
1.800900335000000130e+00
1.822405805625000319e+00
1.843785080000000409e+00
1.865035859374999827e+00
1.886155845000000220e+00
1.907142738125000125e+00
1.927994239999999859e+00
1.948708051874999736e+00
1.969281875000000070e+00
1.989713410624999845e+00
2.010000360000000263e+00
2.030140424374999863e+00
2.050131305000000292e+00
2.069970703124999645e+00
2.089656320000000012e+00
2.109185856874999931e+00
2.128557014999999719e+00
2.147767495624999690e+00
2.166815000000000158e+00
2.185697229375000106e+00
2.204411884999999849e+00
2.222956668125000146e+00
2.241329280000000423e+00
2.259527421874999664e+00
2.277548794999999959e+00
2.295391100625000735e+00
2.313052040000000087e+00
2.330529314375000549e+00
2.347820625000000216e+00
2.364923673124999848e+00
2.381836160000000202e+00
2.398555786874998486e+00
2.415080255000000786e+00
2.431407265625000758e+00
2.447534519999999159e+00
2.463459719374999413e+00
2.479180564999999614e+00
2.494694758124999634e+00
2.510000000000000231e+00
2.525263161875000328e+00
2.540650795000000350e+00
2.556160120625000420e+00
2.571788360000000218e+00
2.587532734375000310e+00
2.603390465000000376e+00
2.619358773125000095e+00
2.635434880000000035e+00
2.651616006875000320e+00
2.667899375000000184e+00
2.684282205625000195e+00
2.700761720000000032e+00
2.717335139375000264e+00
2.733999685000000124e+00
2.750752578125000181e+00
2.767591040000000113e+00
2.784512291875000045e+00
2.801513555000000100e+00
2.818592050625000400e+00
2.835745000000000182e+00
2.852969624375000457e+00
2.870263145000000016e+00
2.887622783125000314e+00
2.905045760000000143e+00
2.922529296875000071e+00
2.940070615000000220e+00
2.957666935625000271e+00
2.975315480000000345e+00
2.993013469375000124e+00
3.010758125000000174e+00
3.028546668125000174e+00
3.046376320000000248e+00
3.064244301875000076e+00
3.082147835000000224e+00
3.100084140625000373e+00
3.118050440000000201e+00
3.136043954375000276e+00
3.154061905000000277e+00
3.172101513125000327e+00
3.190160000000000551e+00
3.208234586875000183e+00
3.226322495000000234e+00
3.244420945625000385e+00
3.262527160000000315e+00
3.280638359375000590e+00
3.298751765000000447e+00
3.316864598125000008e+00
3.334974080000000285e+00
3.353077431875000514e+00
3.371171875000000373e+00
3.389254630625000431e+00
3.407322920000000366e+00
3.425373964375000302e+00
3.443404985000000362e+00
3.461413203125000226e+00
3.479395840000000462e+00
3.497350116875000303e+00
3.515273255000000319e+00
3.533162475625000187e+00
3.551015000000000477e+00
3.568828049375000422e+00
3.586598845000000146e+00
3.604324608125000218e+00
3.622002560000000315e+00
3.639629921875000562e+00
3.657203915000000194e+00
3.674721760625000222e+00
3.692180680000000326e+00
3.709577894375000184e+00
3.726910625000000366e+00
3.744176093125000104e+00
3.761371520000000412e+00
3.778494126875000081e+00
3.795541135000000565e+00
3.812509765625000213e+00
3.829397240000000480e+00
3.846200779375000600e+00
3.862917605000000254e+00
3.879544938125000453e+00
3.896080000000000432e+00
3.912520011875000314e+00
3.928862195000000668e+00
3.945103770625000283e+00
3.961241960000000173e+00
3.977273984375000460e+00
3.993197065000000379e+00
4.009008423125000498e+00
4.024705280000000940e+00
4.040284856875000052e+00
4.055744375000000623e+00
4.071081055625000111e+00
4.086292120000000416e+00
4.101374789375000773e+00
4.116326285000000418e+00
4.131143828125000361e+00
4.145824640000000727e+00
4.160365941874999862e+00
4.174764955000000555e+00
4.189018900625000263e+00
4.203125000000000000e+00
4.217080474375000776e+00
4.230882545000000050e+00
4.244528433125000610e+00
4.258015359999999916e+00
4.271340546875000754e+00
4.284501215000000585e+00
4.297494585625000418e+00
4.310317880000000379e+00
4.322968319375000590e+00
4.335443125000000286e+00
4.347739518125000480e+00
4.359854720000000405e+00
4.371785951875001075e+00
4.383530435000000836e+00
4.395085390625000699e+00
4.406448040000000788e+00
4.417615604375000338e+00
4.428585305000000361e+00
4.439354363125000091e+00
4.449920000000000542e+00
4.460279436875000059e+00
4.470429895000000542e+00
4.480368595625000339e+00
4.490092760000000460e+00
4.499599609375000142e+00
4.508886365000000396e+00
4.517950248125000456e+00
4.526788480000000447e+00
4.535398281875000492e+00
4.543776875000000715e+00
4.551921480625001237e+00
4.559829320000000408e+00
4.567497614375000126e+00
4.574923585000000514e+00
4.582104453124999921e+00
4.589037440000000245e+00
4.595719766874999834e+00
4.602148655000000588e+00
4.608321325625000853e+00
4.614235000000000753e+00
4.619886899375000411e+00
4.625274244999999951e+00
4.630394258125001272e+00
4.635244160000000946e+00
4.639821171875000871e+00
4.644122515000001172e+00
4.648145410625000196e+00
4.651887080000001617e+00
4.655344744375000232e+00
4.658515625000001492e+00
4.661396943125000192e+00
4.663985920000000895e+00
4.666279776875001062e+00
4.668275735000000815e+00
4.669971015625000277e+00
4.671362840000000460e+00
4.672448429375000600e+00
4.673225005000000820e+00
4.673689788125001243e+00
4.673840000000000217e+00
4.673672861875001416e+00
4.673185595000001413e+00
4.672375420625000331e+00
4.671239560000001845e+00
4.669775234375000750e+00
4.667979665000000722e+00
4.665850073125000108e+00
4.663383680000000808e+00
4.660577706875001169e+00
4.657429375000001315e+00
4.653935905625001368e+00
4.650094520000001452e+00
4.645902439375001691e+00
4.641356885000000432e+00
4.636455078125001350e+00
4.631194240000001017e+00
4.625571591875001332e+00
4.619584355000000642e+00
4.613229750625000847e+00
4.606505000000002070e+00
4.599407324375001771e+00
4.591933945000000961e+00
4.584082083125000651e+00
4.575848960000000964e+00
4.567231796875001137e+00
4.558227815000000405e+00
4.548834235625000666e+00
4.539048280000001157e+00
4.528867169375001112e+00
4.518288125000001543e+00
4.507308368125000797e+00
4.495925120000002551e+00
4.484135601875001598e+00
4.471937035000001615e+00
4.459326640625000948e+00
4.446301640000001498e+00
4.432859254375001612e+00
4.418996705000000524e+00
4.404711213125001024e+00
4.389999999999999680e+00
4.374640820624999371e+00
4.358419564999999274e+00
4.341345656874999293e+00
4.323428519999999331e+00
4.304677578124999293e+00
4.285102254999999971e+00
4.264711974374999492e+00
4.243516159999999537e+00
4.221524235625000010e+00
4.198745624999999926e+00
4.175189751875000077e+00
4.150866039999999479e+00
4.125783913124999813e+00
4.099952794999999206e+00
4.073382109374999338e+00
4.046081279999999225e+00
4.018059730624999659e+00
3.989326884999999656e+00
3.959892166874999564e+00
3.929764999999999731e+00
3.898954808124999616e+00
3.867471014999999568e+00
3.835323044374999490e+00
3.802520319999999732e+00
3.769072265624999751e+00
3.734988304999999897e+00
3.700277861874999630e+00
3.664950359999999741e+00
3.629015223124999689e+00
3.592481874999999825e+00
3.555359739374999606e+00
3.517658239999999381e+00
3.479386800624999498e+00
3.440554844999999418e+00
3.401171796874999487e+00
3.361247079999999610e+00
3.320790118124999690e+00
3.279810334999999633e+00
3.238317154374999340e+00
3.196319999999999606e+00
3.153828295624999445e+00
3.110851464999999649e+00
3.067398931874999679e+00
3.023480119999999438e+00
2.979104453124999718e+00
2.934281354999999536e+00
2.889020249374999683e+00
2.843330560000000062e+00
2.797221710624999691e+00
2.750703124999999361e+00
2.703784226874999419e+00
2.656474439999999326e+00
2.608783188124999430e+00
2.560719894999999191e+00
2.512293984374999400e+00
2.463514879999999074e+00
2.414392005624999449e+00
2.364934784999999984e+00
2.315152641874999695e+00
2.265054999999999374e+00
2.214651283124999814e+00
2.163950914999999586e+00
2.112963319374999482e+00
2.061697919999999407e+00
2.010164140624999707e+00
1.958371404999999399e+00
1.906329136874999275e+00
1.854046759999999239e+00
1.801533698124999194e+00
1.748799374999999046e+00
1.695853214374999141e+00
1.642704639999999383e+00
1.589363075624999233e+00
1.535837944999999483e+00
1.482138671874999147e+00
1.428274679999999464e+00
1.374255393124999003e+00
1.320090234999999446e+00
1.265788629374999363e+00
1.211359999999999104e+00
1.156813770624998572e+00
1.102159364999998559e+00
1.047406206874999413e+00
9.925637199999988169e-01
9.376413281249993403e-01
8.826484549999999984e-01
8.275945243749998070e-01
7.724889599999991141e-01
7.173411856249991558e-01
6.621606249999993921e-01
6.069567018749992826e-01
5.517388399999996196e-01
4.965164631249985305e-01
4.412989949999990280e-01
3.860958593749987955e-01
3.309164799999999573e-01
2.757702806249993088e-01
2.206666849999994184e-01
1.656151168749993019e-01
1.106249999999997513e-01
5.570575812499978241e-02
8.668149999992991184e-04
-5.388240562500001829e-02
-1.085324800000009304e-01
-1.630739843750008689e-01
-2.174974950000008178e-01
-2.717935881250017616e-01
-3.259528400000011317e-01
-3.799658268750008006e-01
-4.338231250000008643e-01
-4.875153106250014190e-01
-5.410329600000016725e-01
-5.943666493750008328e-01
-6.475069550000007723e-01
-7.004444531250024752e-01
-7.531697199999998205e-01
-8.056733318750000095e-01
-8.579458650000004738e-01
-9.099778956250004214e-01
-9.617600000000008365e-01
-1.013282754375000927e+00
-1.064536734999999901e+00
-1.115512518125001407e+00
-1.166200680000001100e+00
-1.216591796875000853e+00
-1.266676445000000761e+00
-1.316445200625000034e+00
-1.365888640000001431e+00
-1.414997339375000607e+00
-1.463761875000000323e+00
-1.512172823125001564e+00
-1.560220760000000872e+00
-1.607896261875001009e+00
-1.655189905000001183e+00
-1.702092265625000600e+00
-1.748593920000000246e+00
-1.794685444375001993e+00
-1.840357415000002383e+00
-1.885600408125001515e+00
-1.930405000000001259e+00
-1.974761766875001712e+00
-2.018661285000001193e+00
-2.062094130625001576e+00
-2.105050880000002955e+00
-2.147522109375001875e+00
-2.189498395000001985e+00
-2.230970313125001603e+00
-2.271928440000000826e+00
-2.312363351875000639e+00
-2.352265625000002025e+00
-2.391625835625000640e+00
-2.430434560000000133e+00
-2.468682374375002375e+00
-2.506359855000002135e+00
-2.543457578125001284e+00
-2.579966120000000807e+00
-2.615876056875001687e+00
-2.651177965000001358e+00
-2.685862420624999025e+00
-2.719920000000001004e+00
-2.753341279375001172e+00
-2.786116835000004954e+00
-2.818237243125002678e+00
-2.849693080000002432e+00
-2.880474921875003425e+00
-2.910573345000002199e+00
-2.939978925625001516e+00
-2.968682240000004136e+00
-2.996673864375001273e+00
-3.023944375000003681e+00
-3.050484348125001688e+00
-3.076284360000001605e+00
-3.101334986875001754e+00
-3.125626805000000452e+00
-3.149150390624999574e+00
-3.171896320000003655e+00
-3.193855169375000358e+00
-3.215017515000003989e+00
-3.235373933125001322e+00
-3.254914999999999559e+00
-3.273631291875001459e+00
-3.291513385000000902e+00
-3.308551855625002425e+00
-3.324737279999998130e+00
-3.340060234374999659e+00
-3.354511295000005333e+00
-3.368081038125003701e+00
-3.380760040000001965e+00
-3.392538876875005549e+00
-3.403408125000004780e+00
-3.413358360625003307e+00
-3.422380160000002114e+00
-3.430464099375003961e+00
-3.437600755000004504e+00
-3.443780703125002951e+00
-3.448994520000002062e+00
-3.453232781875002821e+00
-3.456486065000002661e+00
-3.458744945625001677e+00
-3.459999999999999964e+00
-3.460186986875000148e+00
-3.459255395000000011e+00
-3.457216395625000160e+00
-3.454081159999999873e+00
-3.449860859374999755e+00
-3.444566664999999972e+00
-3.438209748124999798e+00
-3.430801279999999842e+00
-3.422352431874999823e+00
-3.412874374999999905e+00
-3.402378280624999807e+00
-3.390875320000000137e+00
-3.378376664374999727e+00
-3.364893485000000073e+00
-3.350436953125000006e+00
-3.335018240000000134e+00
-3.318648516874999732e+00
-3.301338954999999853e+00
-3.283100725624999772e+00
-3.263945000000000096e+00
-3.243882949375000102e+00
-3.222925744999999953e+00
-3.201084558124999813e+00
-3.178370559999999845e+00
-3.154794921875000213e+00
-3.130368814999999749e+00
-3.105103410624999949e+00
-3.079009880000000088e+00
-3.052099394374999886e+00
-3.024383124999999950e+00
-2.995872243125000001e+00
-2.966577920000000201e+00
-2.936511326874999828e+00
-2.905683634999999931e+00
-2.874106015624999788e+00
-2.841789640000000006e+00
-2.808745679374999860e+00
-2.774985304999999958e+00
-2.740519688125000020e+00
-2.705359999999999765e+00
-2.669517411874999802e+00
-2.633003095000000293e+00
-2.595828220625000071e+00
-2.558003960000000188e+00
-2.519541484374999918e+00
-2.480451965000000314e+00
-2.440746573124999763e+00
-2.400436479999999762e+00
-2.359532856875000029e+00
-2.318046874999999840e+00
-2.275989705624999804e+00
-2.233372519999999639e+00
-2.190206489374999954e+00
-2.146502785000000024e+00
-2.102272578124999569e+00
-2.057527040000000085e+00
-2.012277341874999514e+00
-1.966534655000000242e+00
-1.920310150624999990e+00
-1.873615000000000252e+00
-1.826460374374999862e+00
-1.778857444999999871e+00
-1.730817383124999775e+00
-1.682351360000000184e+00
-1.633470546874999929e+00
-1.584186114999999839e+00
-1.534509235625000079e+00
-1.484451079999999701e+00
-1.434022819374999980e+00
-1.383235624999999303e+00
-1.332100668124999832e+00
-1.280629119999999954e+00
-1.228832151875000278e+00
-1.176720935000000079e+00
-1.124306640624999964e+00
-1.071600439999999654e+00
-1.018613504374999756e+00
-9.653570049999999902e-01
-9.118421131250000755e-01
-8.580799999999997318e-01
-8.040818368749995670e-01
-7.498587950000001889e-01
-6.954220456249999849e-01
-6.407827600000008950e-01
-5.859521093749995302e-01
-5.309412650000000511e-01
-4.757613981249999568e-01
-4.204236800000002994e-01
-3.649392818750003542e-01
-3.093193749999993969e-01
-2.535751306249993675e-01
-1.977177200000004298e-01
-1.417583143750000829e-01
-8.570808500000026697e-02
-2.957820312499936932e-02
2.662016000000022586e-02
8.287583312499968713e-02
1.391776449999988507e-01
1.955144243749993294e-01
2.518750000000000711e-01
3.082482006250004680e-01
3.646228549999999125e-01
4.209877918750000170e-01
4.773318400000001738e-01
5.336438281249997750e-01
5.899125850000004334e-01
6.461269393749997647e-01
7.022757200000002697e-01
7.583477556250004525e-01
8.143318750000014816e-01
8.702169068750018610e-01
9.259916800000000947e-01
9.816450231250000158e-01
1.037165765000001905e+00
1.092542734375001601e+00
1.147764759999999384e+00
1.202820670624999977e+00
